0 0 0 0 0 0 0 0 0 0 0 0 0 0 0 0 0 0 0 0 0 0 0 0 0 0 0 0 0 0 0
0 0 0 0 0 0 0 0 0 0 0 0 0 0 0 0 0 0 0 0 0 0 0 0 0 0 0 0 0 0 0
1 1 1 1 1 1 1 1 1 1 1 1 1 1 1 1 1 1 1 1 1 1 1 1 1 1 1 1 1 1 1
2 2 2 2 2 2 2 2 2 2 2 2 2 2 2 2 2 2 2 2 2 2 2 2 2 2 2 2 2 2 2
3 3 3 3 3 3 3 3 3 3 3 3 3 3 3 3 3 3 3 3 3 3 3 3 3 3 3 3 3 3 3
4 4 4 4 4 4 4 4 4 4 4 4 4 4 4 4 4 4 4 4 4 4 4 4 4 4 4 4 4 4 4
2.4 2.6 1.1 0.1 0 9.5 4.5 2.4 3.9 1.3 2.2 8.3 1.1 3.4 2.8 5.1 0.2
6.4 0.5 3.4 5.2 5.4 0.1 0 1.5 0 0.5 7.9 9.8 4.4 1.6 3.8 2.1 0.6 1
1.5 10.7 3.8 8.3 7.1 9.3 12.7 6.9 3.6 10.3 3.3 0.2 5.7 11.7 13.4
7.8 5.2 9.5 5 4.2 5.4 2 7.3 8.5 9 4.7 13.1 10.5 0 7.5 8.6 4.3 8
2.5 0 2.2 1.2 8.1 2.8 0 0.4 5.1 1.2 6.2 2.1 0.1 5.1 0.3 0 11.7 0
0 10.4 6.5 11.1 11.3 8.5 1.2 8.8 5.6 10.6 10.3 8.1 3.7 9.4 2.2 0.2
0 0 0 0 0 2.2 2.9 2.7 6.9 0 6 3.3 0 0 0 7.4 9.1 8.9 1.7 0 0 0 0 4.1
0 0 0 0 0 0 0 0 0 0 0 0 0 0 0 0 0 0 0 0 0 0 0 0 0 0 0 0 0 0 0 0 0
0 0 0 0 0 0 0 0 0 0 0 0 0 0 0 0 0 0 0 0
